0.037168 234
0.960179 4
0.287419 40
0.467037 11
0.508208 40
0.915432 11
9.313080 4
0.143750 4
0.169283 4
0.141100 4
0.592441 74
0.071772 27
2.162480 1
0.131242 2
0.000157 71
2.975587 1
0.119094 1
0.133884 1
0.142085 1
0.518058 2
0.000216 40
0.546145 1
0.122825 1
0.229145 1
0.047036 1
0.388894 2
0.057050 29
0.000449 88
32.280049 39
0.000050 21
3.926941 1
0.118858 1
0.268939 1
0.147373 1
0.437282 2
2.898468 2
0.000416 78
0.000486 50
0.000182 114
0.000486 50
0.029551 2
0.000434 234
20.146313 1
0.339975 1
0.175612 1
0.154654 1
0.152849 2
0.000081 6
